877 
1972 124
5692 4554
1295 770
5238 1889
1785 924
4875 1393
8865 4838
2089 616
1658 736
998 231
7219 4471
1344 479
7482 1069
6842 3241
1928 1681
2316 1075
8124 1866
1773 729
2493 2002
5214 580
4443 1664
38 24
4683 1782
7055 2827
8417 159
3437 2721
1253 699
4392 296
6876 6279
2813 2802
7525 788
1281 593
9759 834
909 399
7910 2584
5137 1091
910 608
4873 751
838 824
6590 3717
3501 3312
5423 1681
3213 2855
5750 1067
766 464
6044 2726
2121 1168
5880 927
9697 7071
1017 401
7029 6588
9659 3496
4350 364
1065 292
595 372
8822 3267
9529 8473
6974 242
8529 5355
2187 1187
7793 2922
110 33
552 145
2512 1477
3672 437
3883 2373
2634 1448
9439 5509
5647 4761
9417 8288
8328 4167
7851 677
5780 1548
9647 3454
3938 2923
4302 3664
4880 939
5269 2878
5102 35
4368 81
4896 222
3081 2266
3347 1634
6097 1859
5946 3112
8571 3408
8739 2410
1392 1202
9107 1790
2908 388
959 275
2709 1036
7926 1308
7261 5939
1107 843
2954 2894
2250 935
202 194
146 126
7733 2895
8740 4420
8574 5491
1055 566
9817 2079
3752 1652
4931 4554
3144 2005
4932 21
3287 1071
7519 5209
261 227
4400 3226
8 5
3535 2650
9570 4596
8719 497
1273 244
8451 7805
8239 3739
822 426
9535 2748
9660 5590
151 17
6669 3791
114 20
7048 3649
2259 1385
8333 389
9361 7332
8982 1381
2528 1546
782 350
9299 3363
5877 5121
7738 3753
1358 360
7925 4111
4901 1923
1379 1215
8704 6361
524 113
1493 1367
8399 6527
8847 6821
493 365
4125 4026
4853 3338
9840 5326
5966 4471
9988 2089
986 415
7069 2741
9618 9100
2850 1019
6808 306
7798 4770
3171 2896
7475 2416
8198 422
4346 318
7598 5231
4047 2696
436 383
5109 2653
797 180
5256 1422
6557 2094
8736 303
6284 1518
229 31
9586 1423
7094 391
1164 362
3800 3422
2680 2488
1927 1134
591 387
384 250
3019 865
2398 1723
2794 2496
5975 1263
8197 7755
4737 2385
612 295
1462 70
8894 8474
7023 606
3135 2571
1357 43
8716 571
7141 6869
2684 656
4559 4035
2065 1115
2939 1539
2208 1245
8988 8766
4846 637
2906 1148
3589 2622
4376 602
3561 341
1957 1888
2874 441
287 158
9517 2149
8312 5463
4505 1702
1027 781
4946 4401
3175 176
7662 2769
32 3
5628 835
4148 1322
2250 1276
8098 5555
7120 148
304 213
9518 3745
6899 3961
6876 4447
2269 31
7164 5362
912 191
2917 116
8223 2092
1662 743
9297 6370
5760 1115
9723 4492
3289 1477
7271 5690
8797 3570
1346 1002
583 102
520 101
6875 1051
9395 6228
5846 2494
402 48
2801 1634
7220 4351
643 93
3074 1609
8206 2386
2601 1293
4263 4018
6727 3223
9372 8499
4097 1233
441 41
6537 1336
5793 961
1688 1396
3650 1742
3218 815
6050 4718
6463 907
3530 896
8498 3599
9937 2422
4831 4152
3280 1557
1764 518
6736 3866
9217 2989
5295 4815
2322 702
9232 2160
9744 655
2410 1053
804 556
1946 1789
2510 128
5861 46
3014 492
744 667
2280 374
7153 7079
6284 2127
2615 911
1870 1802
9412 4975
3918 683
2218 1714
7052 4793
7140 925
7484 374
7635 157
827 2
3909 2983
1644 110
1363 599
2170 1684
9399 2577
5807 2402
2634 1060
3474 1111
6082 2492
7396 2334
1139 594
3103 1120
2649 2323
367 140
7235 4688
722 656
2538 1879
3746 897
3716 1250
831 439
9591 1389
6255 4528
8299 7048
6802 3295
2816 2359
3580 3112
286 225
773 459
9044 1697
5538 1592
879 646
4674 4348
7318 3654
3407 144
2576 1821
4058 566
3035 2295
4040 780
5355 984
8021 648
1030 294
3249 432
567 123
3756 2113
5964 1652
5990 3608
5831 460
549 435
9362 7116
1887 1523
7120 6651
2734 897
2586 1123
398 352
9960 2360
533 494
923 85
2359 990
6321 169
5588 5342
2657 2414
5498 1628
8830 1548
1813 800
2943 731
2877 491
1604 434
1727 1337
1371 1306
6997 1350
3658 214
8947 2833
5794 1640
8685 5738
7660 2487
8184 6503
5561 1469
2759 1663
1805 1020
4696 641
11 3
7693 5433
2191 40
9463 5352
8102 1663
8424 1213
2248 1136
274 49
2420 879
5688 3861
3197 1057
1830 325
4219 2514
9827 1286
6722 707
7834 7101
4854 1885
6556 3912
9843 2577
7786 1646
3757 1348
4967 4150
2284 480
1400 975
8801 2312
9500 2776
1421 1172
4074 2877
3436 3066
9611 9210
7569 2194
3616 491
5753 2747
4723 738
767 363
218 158
3623 2458
9359 4288
1469 1097
5687 1389
1770 682
5999 3107
3492 2712
573 337
2432 612
5264 4499
4436 1481
1743 1707
686 53
424 154
8421 2649
1970 944
9140 3435
9893 5838
3931 897
9407 4900
1857 255
7563 3116
4798 2542
995 822
2731 282
9420 4509
3179 1494
4516 3593
5256 480
1900 1214
9916 5993
4652 4526
9102 8974
4211 1489
3344 3035
2413 2242
1643 572
1804 1497
5935 603
6179 707
8680 5542
974 425
4315 3255
6445 1549
1092 412
3443 2169
1401 1075
3769 1053
9912 9787
2070 501
841 8
4354 2455
4469 2054
296 94
5406 1743
6623 1687
8048 7151
8138 6520
4447 1784
3209 221
57 25
9007 3071
6658 4033
3050 2116
1110 831
1965 1658
7721 6583
576 90
2013 1903
8086 3219
2215 1195
7617 1144
4948 767
1841 1003
8352 6303
2045 1276
207 60
1781 335
5069 1308
5492 2863
4870 3038
559 19
3229 1244
6845 1014
4843 4013
8045 4435
5502 886
2117 1138
515 69
3288 1989
7413 1934
748 161
7991 7501
1489 568
211 155
1212 298
3168 2856
5133 3297
9240 7949
6766 3278
6066 2417
6640 655
163 148
617 585
8713 6051
911 420
7614 3009
9246 9078
6117 2189
1783 275
9576 5808
220 131
7798 146
7434 1608
6028 7
3391 2982
3281 2841
6359 2903
6281 1668
8305 6621
8445 1411
5634 2386
5001 1948
328 242
2794 1957
8109 647
2235 1326
3274 766
86 50
6561 5989
4182 2441
4590 2964
3412 1892
8883 4576
2996 2188
8202 487
2543 1408
2967 1638
9090 2647
7447 1803
5032 651
7221 5586
9899 5875
654 154
8773 2162
2492 1336
9664 5198
3291 2059
8863 2146
6251 1649
5502 701
2867 1101
2311 984
4315 2649
6992 4396
2487 1449
8948 1577
6236 3858
2570 1394
8197 4888
1358 1122
1851 556
2661 2492
2676 1331
3657 3441
8666 84
8455 25
1830 887
1417 1374
1888 1747
500 100
7206 5401
3555 2424
942 131
8512 5969
393 4
5468 1651
2535 97
9074 2705
5726 776
3747 1609
5068 2152
1051 242
8125 2783
4615 474
2933 617
1116 975
2846 1986
4257 1334
9785 955
3078 1796
6351 5247
2369 1331
4472 3995
4291 3787
6830 5897
6611 698
674 56
2232 2085
2873 1676
9524 3549
1997 220
2137 571
7417 3238
671 118
5672 4204
4437 1034
9076 4366
1528 727
4911 1885
5690 3774
7613 3972
3364 1576
1097 932
484 475
700 292
9588 7557
935 34
7632 1765
7769 2885
167 44
6882 3845
978 349
4638 3426
7728 7129
2354 1609
6263 2119
2525 678
728 320
659 394
9975 9558
4793 1166
326 325
3749 1070
6613 946
9835 2064
3170 1693
254 183
2218 1097
5837 4747
945 230
7462 2384
7891 1592
3710 323
2024 1265
481 313
8329 4902
2762 1561
7260 473
185 113
2282 1310
3418 599
6685 4109
3158 2215
2332 485
3022 2531
2603 1658
5241 768
2799 1777
9881 3423
7358 1183
8947 7192
4198 201
9109 7333
1560 1438
1482 1204
2136 581
2769 1817
6300 3198
4726 593
2482 1648
2654 452
4401 823
4811 756
3986 2994
2079 1798
4907 1020
54 39
1447 857
2851 615
7603 515
772 144
1005 29
9658 724
1063 456
1848 1532
9817 8221
5074 4511
203 99
5112 4464
784 762
4951 3780
8876 4503
4899 4830
4316 2028
7977 5385
7485 4309
1325 692
6838 1604
3656 3093
8768 3243
5172 144
756 628
8996 6174
4292 1912
9228 2805
1002 186
564 398
1619 397
4771 681
5158 1260
3727 1050
706 19
6627 2792
3578 1441
7623 1194
1083 272
6833 2861
5931 3085
3473 2990
6429 527
5349 2551
1141 622
981 384
4749 771
8664 4631
7589 7568
5505 540
2975 586
5075 4257
6243 2720
2680 2071
2780 966
9082 559
3496 3478
7016 3217
1521 548
6742 1277
7173 1632
2259 364
8479 1572
516 391
1244 1095
870 56
336 123
3133 266
3942 378
2448 2369
9031 4356
2562 1396
6829 5767
2955 1876
430 384
9174 1841
2520 566
1448 464
6016 617
6160 128
1595 1091
431 236
8001 765
1375 13
4259 1689
5866 1248
8729 2492
514 85
8855 674
1502 441
8648 8145
1920 515
2171 657
245 8
8763 306
6073 3567
8978 1853
2242 1743
1845 1248
1927 1234
5541 592
2824 2592
8295 3199
2640 511
890 328
9135 2105
4687 3807
4059 216
5615 2439
3120 1183
4763 1531
602 80
2309 1596
8934 2614
5222 3273
5743 1189
8788 212
9974 3292
8426 377
8255 1799
9874 4689
9346 7926
9024 1951
243 94
7940 3103
910 105
8236 3993
8409 6664
7475 3341
6171 1686
1847 1557
8113 4489
4935 3708
8843 5981
2991 1539
8090 7726
4641 4632
1746 1331
4983 4309
1434 979
1794 1349
9896 886
8373 3753
9210 7414
7931 1291
3513 1370
8184 7359
1677 259
2399 385
444 195
6273 987
2224 579
1528 1194
5224 1566
6304 4987
5552 3218
4328 18
9671 8938
8721 3299
4141 1239
2339 1502
6304 2946
9289 1765
820 70
7202 6680
8877 3145
2679 2137
5516 1684
6673 2061
2119 117
1784 1102
6312 2582
2435 2306
6270 1746
2189 907
7498 7191
4513 823
9966 947
2294 1305
2230 1600
3969 2503
2828 2228
4038 1369
6369 1082
2219 1605
7295 6591
7826 5786
8325 7372
8650 4781
8135 7543
406 148
