893 
2021 31
9481 9281
6461 3827
5452 1780
5807 5252
2308 829
8839 369
8805 6573
5630 3119
408 8
4417 66
3223 3158
6131 3231
438 86
1182 481
5704 92
4412 743
9496 5525
2538 1172
8010 7453
8912 6258
1735 1079
544 456
7093 5301
4831 3390
8091 6545
2359 2306
3484 2906
7502 3941
3241 314
4990 1116
4749 4393
7764 3882
6613 6070
5213 2507
7664 2617
2707 31
4823 4750
129 106
1385 845
8757 4705
2654 1267
9128 8381
4676 2757
9494 8786
2759 127
5419 847
9178 3790
1193 605
7487 4412
6435 2414
5820 979
6184 3471
1165 1144
9138 5316
858 539
4272 2015
8087 2117
2450 300
2698 848
5505 5253
537 304
1979 1367
203 194
2581 2261
3794 2125
343 318
3946 2487
2751 259
4995 4802
3656 1476
4648 2296
2624 2204
1474 1281
2938 188
355 133
7639 4703
1062 859
3859 2739
9479 3730
3704 3243
9936 7013
760 540
488 120
6654 6015
9780 4769
4625 3092
4756 2046
6716 6265
7332 3072
921 44
9073 6492
5847 4494
146 129
6216 2767
975 523
9716 1639
2807 1033
1417 981
8454 6204
89 48
551 512
5401 1991
3236 1657
2261 517
8369 6540
7419 2767
6236 5908
406 250
5799 4134
9335 2221
8713 2154
372 16
4680 1734
4857 718
6373 2622
7246 3795
2460 370
2663 2634
9772 400
8240 6563
1715 957
8041 4211
6603 4584
8938 74
6204 2919
3935 1169
87 2
3667 2881
7247 6804
1381 827
286 17
5087 2163
5246 3629
516 273
4609 1155
4585 1208
7565 5901
7441 6024
3579 1998
1827 32
6022 2292
709 577
4084 3574
1198 1075
2295 1559
8868 7531
1501 1374
1763 266
6783 66
1393 1107
626 128
7076 62
2632 831
2439 2129
7561 275
3249 989
3818 3151
4740 3933
8404 296
6740 4081
3854 48
7018 4514
8312 5472
6332 5727
7617 2221
4249 757
8052 4930
5666 2753
3190 1752
1977 1870
1635 1267
4516 1461
6418 5593
104 75
9796 3197
1875 1736
6485 1285
679 148
4652 374
2816 1252
5737 1239
2109 1587
9773 6623
4194 1943
6592 4267
8328 8062
4891 89
4795 3136
5528 288
1283 1098
8814 6439
1260 680
7633 6840
7381 4167
3162 2287
7280 737
7980 1512
7388 1165
3406 1622
2652 1403
3694 2540
8769 2597
5957 4438
5177 410
2031 2014
5208 623
5746 2016
9727 4761
2822 2628
8792 7697
5459 2387
1160 1054
3896 2504
391 221
983 102
9200 7349
5273 4170
5016 3861
6237 1386
8900 1220
8676 1844
1471 1285
1248 460
6868 125
4583 1558
6847 774
4101 503
6212 1309
985 418
9834 5621
2040 1360
4460 2745
4593 3903
1619 845
9947 582
8632 2282
2085 509
8436 3031
1483 529
465 112
2606 774
1090 1010
5965 5828
6733 196
911 600
8971 2942
8917 8897
2645 674
3258 2650
2388 597
9690 1796
4201 1610
799 487
6788 2376
6250 2170
2511 707
991 16
4246 609
7283 6755
5928 3914
1169 670
696 416
9383 1197
5884 108
7886 2370
9859 6562
1661 1200
7605 686
6223 1169
3021 290
6671 1038
2787 22
7246 7147
8337 3770
7786 3661
9909 4069
9110 1409
5152 1262
5421 595
805 542
5589 252
1506 923
5587 5075
6900 6773
2123 1972
4324 666
1205 270
1887 1422
498 108
3980 832
7261 5096
5055 2658
3838 2162
8732 1646
5046 1875
2058 1810
2803 2326
2990 2013
5915 3138
2780 2486
6053 3140
6620 5213
416 284
3821 1351
7911 3657
7286 1626
3239 2242
5786 3981
3631 2076
9999 7089
814 251
4221 2147
7211 4881
9195 8144
2121 1658
8946 6772
4969 4445
8050 5516
6780 1452
9518 280
1003 876
9287 7660
1294 519
3438 1080
6777 3246
3721 2275
2052 1925
4860 3818
5033 1749
4801 3405
5680 4308
9485 4766
5820 1886
516 27
2953 2671
3612 2610
9820 4528
7184 1102
627 289
9268 472
9716 9619
333 274
1222 551
145 46
2817 2524
7170 3150
2032 147
417 372
6170 4397
7579 5024
791 216
5307 3322
3706 606
1997 304
7951 5704
7204 6380
2796 1902
1045 520
1304 212
1129 1094
7496 1248
20 14
3337 2065
17 8
5218 3594
5192 350
2548 1058
2256 607
6034 4890
6621 5364
3974 3441
1395 400
2414 340
5165 856
697 630
4667 2457
7446 1780
3763 3113
5926 2892
2919 1337
2181 857
9730 1899
9687 9513
776 402
3904 1195
4274 1480
2710 1990
8165 1930
8322 126
4873 766
4024 3384
431 396
4356 1969
1159 452
9491 6805
4694 77
3072 836
8963 2252
1192 804
1999 926
7091 1617
8198 5605
7137 3846
4676 2642
8105 1655
7968 949
1310 210
1052 221
7750 3289
1299 1182
6671 1144
7219 4079
2353 1058
4858 4192
6545 973
3672 2671
9040 2249
1586 466
2769 2182
2321 1926
6114 1430
6173 5185
5105 978
1064 285
761 520
982 25
7244 6839
3057 2413
119 18
4910 4905
1996 1221
6217 3014
2923 2656
6673 1553
4680 1284
1344 1334
745 46
3483 902
1137 1059
2992 9
2428 1727
2074 1330
251 191
3929 2426
2458 2192
7473 5728
1752 109
4283 4047
3704 819
1147 788
8439 1996
1546 823
534 400
1270 4
4679 1734
6595 682
339 259
7147 1751
7819 1972
3473 3409
3125 1191
2246 1793
902 251
1103 805
5393 176
3312 1665
7388 3207
3918 1704
608 518
9422 8630
4091 3280
2190 78
7767 2257
6368 2931
8250 2351
3527 2449
1330 301
946 271
2199 40
395 296
2386 2211
319 94
9913 1212
6545 768
4551 4299
9534 5173
113 51
3386 1843
2955 2061
143 134
817 549
6095 5300
1364 851
8899 4090
9872 2179
8145 5804
7301 6288
5676 179
7790 2800
2348 1268
5698 143
5654 4477
8654 3673
6196 4944
664 329
9736 2108
5467 319
2325 2193
2289 1243
8834 2741
8525 2391
647 36
5136 4500
9651 248
7998 5579
4526 2421
9995 9575
3476 2644
5924 5330
8457 8281
4690 2623
9967 2899
4255 4
125 89
521 27
8554 5398
5469 1706
871 336
6544 1415
7198 598
1068 481
7948 1425
3729 501
2625 2541
8442 4949
187 62
985 463
4032 2966
5533 860
5874 4693
6332 2781
3858 2783
3401 1473
9824 4714
4301 1275
8881 2484
6758 949
794 471
9094 1380
7727 6303
7331 6923
2011 321
5332 3227
1737 1001
4215 369
240 76
9194 1447
9388 3406
4580 340
3425 1255
5952 2298
3123 2068
7736 4131
4258 2354
4605 3696
3362 2654
9141 942
8926 1836
6126 358
1045 706
423 241
911 605
9947 8250
4058 267
4313 3733
1712 582
3926 797
114 3
8105 4047
987 377
1507 432
1682 1265
1498 214
2239 1018
479 416
4165 168
8133 6542
1251 600
4974 424
2997 975
3406 380
2101 491
6807 6371
6421 1746
2787 2085
2434 197
7525 5013
7631 3169
5775 3423
8953 7945
7120 3087
2466 812
2659 293
1054 1024
3938 2017
5264 1875
1229 551
1912 60
6369 5865
5752 3146
280 197
8246 6978
5446 5401
7822 6551
9584 3723
8671 1946
330 12
5274 3
1661 1192
7248 979
9619 2909
5689 958
2661 2473
4094 2483
8719 7787
3443 739
8358 7907
5875 1127
6351 6075
4905 3628
9395 1782
212 148
337 33
4277 2098
1015 385
6351 537
743 462
8424 363
988 156
170 152
6930 6680
1651 515
4043 607
4807 4152
1972 1662
2113 1209
3391 3123
4239 2654
2990 1959
1649 922
571 10
9434 8888
7953 5405
2740 485
9345 1991
2850 486
35 5
5309 634
7166 3295
2681 861
187 59
3453 874
7584 7562
5952 1275
8131 255
1496 289
8328 2352
6737 4448
4850 1123
9415 1555
4793 1451
2726 1391
7771 7257
6523 22
8003 6844
7719 7046
4835 739
2049 471
6281 5550
3494 2583
4989 2656
3792 1960
6845 1231
6830 615
99 56
8124 4778
84 36
9850 5846
6536 3573
7557 991
3155 2561
7635 5453
523 361
6752 4012
7490 1842
5212 145
4270 2555
5116 584
8754 6013
6078 2025
5319 1511
2367 328
9978 5066
5104 561
7297 4683
9854 2237
5367 1954
1689 212
5663 2924
4643 2316
5511 4004
9003 4653
1393 799
361 167
695 482
289 173
9234 1877
1848 1703
1813 106
1072 440
5556 5078
5720 4346
4202 1026
841 463
4140 1771
8522 2678
8895 1551
573 287
9824 8675
8499 6090
8242 6136
2443 974
194 116
209 107
5305 504
6638 3629
2704 2327
2460 201
9021 3993
1242 702
2193 2101
6943 6622
6132 3178
8190 254
4117 700
925 620
537 414
7546 6296
1587 938
2550 939
7407 3726
208 129
9320 8854
3432 2659
4041 2717
1596 430
5558 2449
7823 7470
2485 2261
2582 1407
5407 3249
8644 3690
5259 5118
9702 8437
1367 89
3637 3592
5068 1953
9487 2816
4484 468
7121 7012
1129 679
4141 3706
7072 4939
7502 5765
8504 3935
2022 561
5565 4164
2591 1112
5189 2001
1253 14
8216 7027
262 180
5147 4424
4999 4488
3897 2433
3210 1458
3806 2804
1760 1734
3792 3223
6091 808
3505 1762
9665 8648
9852 9451
2250 1262
9482 7433
2079 2035
5975 5633
854 41
1647 176
2783 847
1832 493
9174 4627
3773 676
2030 1385
8137 4739
5044 2243
707 172
9418 5102
7990 5846
6235 4683
276 195
4789 2348
918 289
8766 2629
290 157
4751 4309
8035 1513
7933 1085
8084 4246
8738 4522
4934 3119
1376 582
697 641
7648 639
2561 1052
7262 2849
4737 4505
716 65
4577 2221
9581 3186
5850 1105
8810 4668
1179 144
6774 426
8736 1744
7498 4692
823 95
2815 1402
5537 3116
1008 191
8409 548
1389 1051
1711 95
855 429
910 267
423 274
3205 1580
9055 3781
9249 950
8509 3183
5786 3800
5786 4871
9425 7461
8355 7962
2936 1705
1737 1131
236 156
6078 4148
9849 2669
6340 1219
348 247
4408 489
3252 2648
1720 1530
7599 597
366 303
239 207
3406 397
2683 1172
2223 685
181 38
3666 1508
3403 1159
5934 1474
7777 6732
4547 2912
8833 3813
3632 1779
1011 872
4909 1032
847 693
6697 4795
8759 7615
8666 3771
4600 2375
5348 692
4625 290
8947 537
397 379
9803 5337
4060 1389
7881 4146
