909 
2057 894
3914 1394
3032 342
1914 928
6656 3980
5731 201
4280 473
614 511
673 489
728 35
4233 2130
5185 2630
464 201
5707 3677
5067 2877
5776 4140
1604 1167
5225 2208
9793 4965
3298 463
4919 3820
1803 267
1872 230
5072 1641
5749 81
7166 5770
4870 427
1226 1009
3297 2559
1440 584
9189 1453
251 184
8608 2238
6643 581
1831 1819
9306 403
7869 1427
1833 983
1397 594
7322 5395
432 19
5596 1619
7063 6294
6597 2294
3591 1613
1759 1411
3733 2974
6113 2612
2859 1845
1995 577
4550 2077
1167 964
7853 496
2352 671
722 176
2729 461
2795 2497
1366 823
6982 2800
2109 713
3387 1201
1568 1508
6928 5743
3351 1571
8316 4249
7617 1364
773 565
4305 1791
8967 3679
1772 1696
6829 4606
8220 5363
1380 869
4193 3153
8422 3853
8419 4465
1800 759
4100 2649
9703 129
8313 2440
5223 1402
6313 3989
8033 808
7322 1568
6333 5278
7966 7038
1161 1083
8862 1565
1921 1582
6146 1755
3694 226
706 378
368 87
913 468
3945 2991
6329 5533
4522 743
9942 1114
3348 541
7464 2667
6196 5108
8299 2678
555 203
7452 1103
6411 5377
2673 575
2188 1409
931 583
4137 1668
3645 39
3231 1772
932 840
2153 890
79 65
6442 3240
3872 1038
6519 5201
4319 4036
4517 1419
4823 533
4401 708
2256 9
4293 2942
1335 1063
3871 3173
5007 1786
3299 2137
9640 4427
9612 2524
8370 6908
9867 5276
1947 208
2248 1958
1068 7
8077 2323
34 31
3458 145
7661 4550
8843 396
4110 3088
4957 3664
163 111
5003 4410
3031 1785
9667 9233
3638 1323
8819 8814
4692 2038
8818 196
3047 1936
317 309
126 114
7193 124
8264 6162
5966 5186
7874 1033
5016 3707
1203 363
6540 2298
94 37
5560 2556
7655 2207
3328 1460
5600 4104
2395 1310
2076 489
6231 2019
4900 2529
6701 1000
6927 5272
9404 9309
2552 706
6972 2435
1696 480
5970 1386
2278 1753
689 113
8446 291
6970 3960
680 172
7911 5512
4909 373
9657 8195
6922 3549
5227 4760
5892 2629
6730 1453
7651 4936
7666 7122
6597 120
7857 2119
1679 1362
7370 4898
6808 33
4275 1959
3547 1198
2816 1964
734 123
7080 417
9909 2436
1407 919
3913 3848
6917 3634
3221 2467
6963 4852
8163 4594
663 320
9811 7096
5567 1951
8848 1439
9283 1194
3104 2274
2975 2188
825 332
6717 4576
9820 7178
7733 2703
6267 322
1941 349
2568 1002
824 184
6628 3245
6589 1400
170 118
743 339
8441 506
2790 1199
8347 5529
1707 1641
5286 1059
1089 400
5022 4408
4044 3788
1658 1361
2239 1523
8562 4476
8571 6677
7089 5875
1527 1313
6429 5453
782 660
2789 1555
5991 5789
724 453
4738 2411
2362 99
6922 3450
1980 1828
1858 555
8370 6683
5294 2523
3711 1125
1493 666
6157 4534
6835 336
1854 575
3099 1852
3469 1753
373 309
8498 1800
429 150
1138 481
7727 4395
7487 7262
24 19
8491 341
211 154
6318 1718
3416 1966
2390 1023
7795 4463
7923 1191
2181 1026
6949 5055
8509 8266
9649 2391
2244 828
5050 2398
6066 4758
2289 701
3457 2332
2479 1141
2195 1029
8078 6361
7743 2167
8389 8141
9342 1800
4808 3153
5320 3547
661 379
8883 3521
2714 294
1280 1007
8977 3620
2592 712
6395 2664
7937 781
4416 3622
9388 3612
9770 5934
5466 3943
7007 655
4144 2851
1131 524
6245 1034
1501 1416
3059 761
4027 2614
6001 591
2766 515
5891 3591
2111 1687
9209 2300
6460 1143
6390 140
2970 2645
7252 2846
9272 7309
7908 6202
926 816
7080 1392
6022 1223
4887 2504
2564 2182
9948 3365
9563 7612
2588 225
4212 1340
273 220
1975 417
1101 847
9788 5834
6210 2255
9183 8609
6961 6939
1418 733
835 684
3744 198
2949 572
8758 284
6096 4559
2179 1745
2872 40
9507 9484
2028 14
7543 7416
9270 7389
6387 6047
7727 6478
9232 7211
3955 1545
7209 2317
6136 4088
7914 5917
8457 3172
3517 438
1931 80
585 104
7860 5754
3078 441
2683 1087
5268 532
5112 387
7541 5462
6384 1874
8405 7328
1146 352
431 265
6394 468
1624 7
1289 675
1806 1287
3871 2810
4547 2157
1919 158
3876 841
5648 4284
8320 3556
1925 1868
7703 2128
7899 3547
764 158
9011 5360
1383 782
8033 149
5553 466
2095 108
1108 643
578 474
6042 3843
1595 1046
4704 1331
2355 1540
1615 1211
2769 2321
3287 2670
5279 870
5791 2015
7954 2140
1410 989
2951 2104
9863 2884
1251 241
52 4
6666 5889
5882 157
9264 6779
5299 1715
1882 1365
558 13
1433 174
9670 4388
7052 1808
9467 5499
709 658
8221 3633
4523 3653
5886 101
6599 5613
6849 4343
8229 2827
6108 1132
4197 1274
540 416
5798 1887
1236 1101
8981 3144
9652 1079
6527 2049
8881 2554
3528 1917
3886 3844
2166 2136
5939 5529
9176 1090
1592 603
7794 921
1347 777
9258 7316
9773 5789
4740 705
4858 535
3713 184
6611 5856
4983 4487
4994 2697
5018 1606
1265 1207
723 496
9222 1168
7083 6809
738 205
9561 1029
6605 6089
2044 369
1125 804
9985 3681
1896 13
197 49
9421 3065
3377 2254
9808 8382
1184 912
1525 265
6730 2337
1563 563
970 234
7614 5861
4456 2139
6186 3746
1564 1482
2122 102
3276 2594
837 291
6523 3054
9906 2773
2518 2157
228 18
760 198
2515 1911
2993 2297
3293 940
1810 1712
85 43
9389 8579
6333 761
3170 2775
1960 1189
8323 3485
5632 802
7216 1892
2082 183
8431 3268
1111 1099
9523 350
4314 1120
2649 2393
1382 714
9279 2230
5625 1576
1309 1006
2518 538
1730 368
7290 2524
8279 4621
4471 552
293 186
6280 3530
5028 889
8654 4798
9559 295
110 13
2688 177
958 874
8476 6894
5679 1536
9675 3619
1087 627
5795 4805
817 747
2471 1199
7586 3471
1386 596
1118 298
5219 3505
1915 162
9025 4798
2793 1989
4086 2881
8939 576
575 89
9659 1311
510 506
2171 1290
7839 132
9636 8479
1238 396
1233 170
9142 7624
606 241
3536 2875
4295 4153
8092 5046
8474 2152
9596 3152
7882 1904
5608 4023
6077 2284
5079 493
835 522
5734 5530
4178 1237
4035 52
6631 1945
6595 3369
9137 678
1819 439
9851 7605
1238 631
1431 429
2332 915
8970 3564
3859 3102
1947 513
2980 1413
9906 4358
6464 3275
4873 1759
5693 757
7666 2004
1566 1140
3524 1235
170 62
9703 1757
5762 4868
7001 1653
2188 1704
5412 501
3181 1295
1268 993
2042 1221
5245 316
3357 1878
172 136
90 66
984 794
3021 2550
986 909
1617 1251
39 25
1898 1853
2468 245
4004 3395
1532 566
4475 3508
7217 1878
85 24
9537 7808
213 68
9661 4021
6629 5347
5620 5236
7993 6899
7992 3597
6335 5525
555 78
2031 337
1489 439
9479 1038
2676 1372
5516 1545
4738 2265
6652 4691
7063 3902
7941 1628
2117 760
5066 3449
8872 3334
6170 1847
5782 734
4103 1718
9083 1994
1541 1065
2303 575
5118 2720
906 564
5948 4975
580 284
8711 8001
5536 781
6314 4007
8003 3465
5542 3397
6794 432
78 29
4406 159
6231 495
5998 48
4595 903
5011 224
3409 1706
3821 679
3937 819
7006 4515
5384 4562
8382 8104
4574 2636
9941 5911
260 139
4642 180
2447 795
6306 5874
3210 2567
8323 7115
3389 230
7384 2083
1917 916
5444 1897
8234 6606
5743 566
7583 665
9625 2062
7369 5983
9771 8928
2977 2198
288 207
8150 7638
7484 122
752 509
1796 376
4714 75
2314 1268
7343 4087
7423 3691
9183 2952
2980 1061
2509 1296
6442 440
9953 2739
7556 6325
8529 6553
6611 3529
7303 7015
6842 350
1356 46
9090 4761
304 46
1719 1202
9072 5072
7849 391
6473 5465
5829 634
1485 132
9552 2774
8560 7633
3610 423
93 64
9553 6155
2110 1302
2933 2109
1884 266
6867 4266
1815 86
9088 4869
2653 485
3007 607
9460 526
4704 2775
6815 674
1940 258
8344 284
5847 5722
3204 2004
3638 108
17 12
5393 481
9384 445
7287 273
2755 530
4875 3748
877 494
1931 1443
3200 860
9248 3574
5602 3818
7923 2711
7431 1953
1661 532
1727 1380
2658 1735
603 437
6961 2159
4842 1080
7501 2174
2890 1592
4777 306
2479 1386
3653 442
9070 252
4112 651
2277 830
6112 1667
718 217
2738 1803
7605 1100
533 426
9933 2296
2228 2026
5553 1833
765 181
7922 4863
8454 2120
7308 5887
4082 1256
5230 1808
7940 2169
7071 1847
7577 2243
1603 243
8928 2340
869 202
79 61
4197 1592
5631 1661
317 208
3638 322
9406 6621
7360 612
1179 561
8903 7825
8873 633
3710 2280
1833 34
450 173
1419 578
4257 2315
2914 1801
507 281
7282 782
3778 2429
650 499
4030 637
4109 3321
6363 4583
8914 3742
5099 30
6614 2279
171 80
4278 1990
3168 108
4138 3877
8973 5576
6044 2550
9783 2179
133 22
4623 3717
8657 3093
9106 3888
2339 2064
944 338
1049 691
6317 2622
9515 6421
8592 8195
7745 1929
3532 1244
7279 5009
366 95
2329 2165
4232 2199
3000 550
9265 7200
356 261
8477 5051
3626 260
3038 85
1639 89
5425 1798
3835 1316
8036 1762
8765 8291
1452 274
8132 2234
6105 3630
7026 6126
770 195
9204 1242
6561 4013
6407 5706
1312 480
5128 4007
2096 214
2212 847
6132 704
4617 2414
7833 4305
4988 903
3668 3370
6270 2106
561 364
2848 558
7105 383
2947 1865
2648 2005
2229 935
3604 2578
3950 3
2531 1004
747 146
2939 255
8715 7726
2754 2505
1929 1134
6514 927
1182 716
2547 1042
8512 6082
8664 6310
6553 256
9271 620
1329 1286
1578 376
2265 1287
7927 5484
2056 119
5813 2181
5595 5512
2959 1788
4114 1696
2583 1171
7760 4120
3320 2766
5695 4283
6676 6229
9963 526
574 545
3893 1085
4254 1021
3980 300
4118 2594
6358 1991
1658 470
9262 3872
7410 1643
1026 605
725 372
4149 466
7312 4605
9342 4557
7971 1072
3821 18
8849 6497
4460 1445
112 46
1582 467
9483 6796
8690 7117
1848 1732
5520 4374
9231 3191
345 231
182 141
2916 1134
410 290
8546 5981
1701 1000
6069 3653
7146 451
8645 6637
