929 
2083 828
1371 443
3331 1114
209 64
712 200
4682 361
5382 5216
4415 1379
5690 2700
111 57
8774 1938
945 859
3329 2635
729 326
599 165
165 17
7541 3121
7807 2161
4961 4246
6070 111
650 442
4166 289
9894 1294
7420 1586
8105 4822
780 230
2850 2033
9749 3499
4515 4455
6735 3642
2284 968
5384 98
6935 5774
1070 198
9058 4025
2166 794
101 67
310 207
1990 1965
6414 2511
2431 1608
2792 632
1449 213
2672 2143
1162 478
1531 855
181 135
1532 798
1824 420
1499 1202
1003 118
757 572
9554 4104
1763 1700
3527 723
2533 2245
976 851
5335 4407
7150 2822
5751 5312
57 43
359 140
1235 427
5721 5517
418 408
7676 6899
6787 1570
4487 1697
353 188
970 814
3493 1767
9416 1815
2874 1799
2342 1449
5546 5524
1605 230
484 444
9675 831
586 228
7774 5833
543 113
1145 547
2547 1651
7212 4223
5824 4225
631 582
4063 1779
3550 2798
5572 2725
5843 1782
172 171
5295 3984
3969 166
8275 5359
2979 72
5595 1149
2761 1105
8380 643
8935 2556
6305 4507
1469 593
1406 116
6501 1622
4125 3537
4615 1490
922 897
2763 332
2689 2241
7130 6160
3980 3577
4229 2731
4318 432
8045 7643
2319 665
6966 6860
596 58
7762 3943
1613 1458
7392 16
5498 1959
8595 3270
2463 1666
1847 683
6765 2182
4020 3492
6161 2069
7933 1149
9688 6265
4450 3331
5702 2608
3890 1424
9550 1085
5589 589
1678 561
9827 9100
4327 806
1223 992
7821 3629
1703 670
1954 401
1745 697
3249 1605
2783 198
4774 1815
1687 876
9074 7263
2560 1972
4668 4015
9765 2166
758 688
5051 418
9141 6582
212 2
2074 1063
9817 7798
6388 5560
4861 3507
6658 5704
1830 1330
9583 8282
615 150
3686 3642
3616 1480
663 28
861 485
1919 296
6475 5307
1954 720
3243 1830
1398 1084
534 318
3817 2007
6812 1968
7367 3804
8730 1487
9474 377
3010 2266
7671 6753
1114 800
7554 5673
1528 368
1582 378
168 114
7057 6405
9755 436
9541 2372
6917 3474
6313 156
2733 1573
7387 1654
5942 4797
5425 4645
1409 1016
2030 952
8512 332
5627 3862
7431 1786
131 35
9119 9020
9697 1237
2022 936
9475 963
7635 2630
6693 5096
8171 2797
2572 877
4929 535
4546 2379
5824 5343
648 547
9201 2209
4619 3259
1209 1108
9598 8831
6688 1517
233 125
1323 51
168 28
4589 1939
2071 564
7646 1269
3228 1099
9824 2697
9991 7549
6515 2874
3110 510
5186 3356
2677 2476
1971 238
1256 639
3926 2065
7634 4660
1036 962
3881 2154
4052 2244
123 64
7456 7178
8405 5128
2929 1717
8435 919
3143 1047
1094 203
9625 9204
4953 3287
2611 1984
2503 1551
7718 2172
1290 1201
8500 8477
9053 4835
9745 5837
6521 6305
1211 391
8090 1853
7524 2291
3825 2134
443 250
3826 1599
1352 1176
2696 1574
1902 897
9583 6305
5662 1919
2333 2221
1720 299
8616 8408
6478 2522
4060 2331
2504 323
3485 3034
5200 973
8537 4243
9040 8395
2110 342
5536 4421
525 113
4924 4199
8683 5943
8885 8424
5662 384
8519 6603
329 54
9747 6490
5166 5162
5133 3590
7751 4681
5090 4939
4072 1411
3031 162
1276 1223
3006 689
6297 1383
1426 1271
9113 1686
2131 993
7829 1717
8833 8788
4929 1754
7649 3176
4698 553
1170 244
7267 1658
1252 331
942 19
3936 3086
1263 976
8091 5022
5908 1522
6963 1574
5932 4473
314 75
5988 5677
3087 1844
7014 4001
5150 2334
8852 3269
7031 347
92 44
1071 687
2867 2678
7327 6440
2105 1002
8328 5597
7911 3839
1349 576
8892 8348
2455 809
8873 3772
8658 5506
6691 2679
8292 7135
2854 1760
2362 83
5141 5129
7836 6372
9139 3643
7686 4143
1209 887
2031 1233
9320 7205
4854 2216
328 73
1361 1111
2548 1709
1186 312
1589 143
5231 5198
8747 3629
2911 2213
7389 789
7765 7659
568 328
4806 3892
1201 839
6616 101
3542 832
5139 3178
554 183
5235 379
9058 7589
7351 3160
1824 1248
8978 844
1025 719
1772 1291
3989 896
6884 2325
7765 3826
3567 1241
9125 8183
1306 982
2071 1687
3223 325
4299 585
7895 1843
8103 7127
4359 2962
6416 5368
561 475
91 86
3161 316
8834 5705
3708 3025
8421 1494
3624 354
1708 413
2497 2207
8515 4014
1175 168
1394 636
9678 8721
4292 2716
8716 5996
1252 589
388 374
3990 3707
1711 1080
693 239
5356 467
3453 1754
526 80
2627 1318
2521 1243
2624 425
3542 1178
6790 3465
7635 2419
598 270
333 286
8370 3837
1108 996
6859 427
284 54
5129 2046
5822 2145
4596 3116
5340 4610
2437 1287
271 267
263 23
7038 3302
9601 3016
1621 115
7519 693
5321 521
3042 1294
4033 3677
2934 2775
5295 2041
1948 1503
5987 4208
2883 807
970 759
8976 1245
2373 997
1440 230
7962 445
1859 494
7373 2005
9947 4049
9725 1502
1733 1132
2683 1802
6751 736
9740 6148
6937 5017
5498 319
1118 591
161 160
6690 4708
1438 1361
1593 924
116 82
2070 295
9222 7041
9852 4924
1432 585
1454 168
2281 2120
1975 31
7516 4157
5181 431
8134 3037
42 20
6637 2509
1798 1352
9549 4270
647 500
130 80
2002 328
2390 1277
657 446
9533 7533
6199 4494
996 356
349 67
6636 6544
4555 3702
749 431
2378 2119
3928 2888
8463 2573
1651 1221
1698 424
5640 4406
2824 256
4917 1472
1936 781
9622 2129
2300 105
2152 1246
4514 203
2036 1780
3165 219
1563 453
3764 1405
169 147
3039 2226
6334 2483
3562 77
7519 3772
2823 7
9033 4741
2568 1250
7026 5652
6365 4532
6241 4250
6995 2415
2896 1591
1020 816
3827 3151
1412 511
2383 807
7583 5623
1525 87
179 34
5574 4749
9914 7540
722 637
2690 136
1355 880
7522 5362
5150 3461
2106 761
7486 84
7233 4809
932 456
2356 185
3791 2877
3096 1843
1908 112
1344 185
5432 3893
9529 7324
5074 133
9132 7616
1491 613
8677 6816
7315 6571
4367 3483
7982 1211
7982 803
1377 934
4185 573
6393 5147
254 11
1334 362
3632 2211
2201 2102
2238 611
2569 495
226 47
5318 2967
9736 303
7230 442
4514 2917
8747 7036
8918 2081
3229 381
8310 3326
6404 6040
9477 5479
1492 107
1752 687
5695 502
5154 301
7294 7237
1270 271
2515 2283
7342 253
359 30
8670 601
8171 3670
8060 864
2600 2056
415 409
9433 5696
2930 1628
4989 3393
554 84
125 50
3555 197
2938 1581
8536 4448
349 99
7883 3251
9862 2710
5594 2780
8051 4010
9978 1123
6262 3258
3635 1863
7667 2290
8526 7845
1015 293
4336 932
700 633
6552 2500
6058 3377
7877 5011
6380 4761
1851 560
7471 6272
7101 6109
2458 939
2918 1405
9679 5848
2941 2694
2297 682
3528 1294
2702 503
9684 6924
893 417
6947 4809
6870 4522
3071 2609
2783 1803
9714 3271
5423 1208
958 37
7621 3413
2693 1790
7106 2894
6686 5161
638 310
9930 5003
8208 104
2696 2275
915 739
7188 2801
5440 1166
6250 1041
3503 2451
8745 5198
705 463
5623 3492
4416 3277
5752 1795
9415 7220
8759 2020
4018 3919
1063 903
2470 310
2200 2043
6728 1838
8839 8338
5019 1680
2176 234
5486 5105
362 190
2236 1691
3239 131
804 769
2566 690
687 228
1069 453
9312 4064
5476 435
3177 1432
2438 601
1040 411
1859 1024
9703 397
4726 3043
8970 5014
6273 3193
4402 1057
8978 1727
6589 4365
5739 2360
2116 176
8436 1709
4604 4595
2206 896
3961 3957
8278 660
1484 1009
1251 1048
4905 3610
2517 1428
4592 1015
2740 1874
7771 1245
9908 2063
2436 104
3962 1349
1170 372
2571 1762
6423 3102
2355 1233
2681 1163
1569 1541
6815 1398
7900 2386
8507 365
5938 85
7908 1321
1499 298
6395 373
1689 1453
4544 307
9718 2236
3532 2404
8409 6339
2511 74
2427 2011
7840 4952
5977 1154
2610 509
8388 6783
4489 616
5326 3543
5363 1482
6587 1135
2807 1702
8776 2435
9231 211
5510 375
1472 404
1761 302
2776 598
3498 2693
2166 1773
3922 3864
3324 890
4338 2765
9331 5501
7691 5537
6058 653
7162 178
2840 1514
3418 1766
90 61
5700 3051
5398 393
4903 1857
3951 1328
7059 6758
7048 324
2425 979
9230 5830
6317 3934
8096 4425
1295 518
1709 522
1532 1442
2635 2398
1447 43
4698 4162
5637 2877
4785 4412
9251 5
7740 6272
1593 1334
9116 8284
3103 1563
5060 2193
7133 969
285 142
6781 2534
4578 292
643 552
7524 5084
6535 737
8161 3401
411 377
5975 5532
2963 2016
2814 2704
7396 1592
3550 3037
7551 7417
5581 3751
8610 731
2849 271
748 388
7879 67
4161 195
9356 3188
6518 892
3321 1607
5777 4785
5388 3899
1422 1318
3995 19
1043 689
8504 7650
2429 1090
1850 141
2007 782
2687 1897
5211 4910
944 907
8360 3747
3275 3201
4786 70
1617 529
8484 7011
3956 415
664 281
8602 6825
5191 4646
3137 1452
5073 130
1883 1116
4317 682
9192 7006
7651 4186
9499 4811
3515 2399
2093 1171
6932 410
9840 2989
8237 7273
6688 4807
8242 1385
6022 1984
5750 1103
7382 7183
1285 69
9765 6139
9634 165
412 149
8408 2317
3228 93
6264 3950
6518 5034
9055 4954
8823 675
571 10
2464 1046
7292 7014
1310 647
5771 2878
9160 4438
5841 4695
6559 1371
1044 732
5006 2410
2448 743
4241 1799
9177 8939
8455 6400
5703 758
7734 7247
8592 3678
4967 1462
1115 771
5795 1194
8654 7050
9599 4436
8562 3402
9858 2558
3209 2045
7369 170
1352 295
5475 1386
6415 225
5043 2893
1884 578
7934 1216
1246 25
7991 5157
5525 4953
3524 2960
9222 6669
7500 4067
785 354
3621 832
2826 1685
7865 3798
6404 1847
4105 545
1699 1087
711 588
9440 1642
2560 59
7672 7266
344 31
1590 1539
9898 5047
4882 658
4344 1583
6281 2135
9104 5578
5968 5341
6465 931
1122 771
4076 2611
6 2
3229 1193
4906 944
9539 2531
5838 5119
7291 6420
9735 8367
2169 1108
5833 4276
5517 1339
503 308
4727 737
9244 2380
6774 4785
7450 3939
4754 4351
1626 772
9342 7924
9469 4484
178 150
6478 5924
8816 2422
394 304
8996 6763
8220 939
5507 1084
3786 1279
9773 7398
33 10
863 284
4216 1154
5926 46
2887 1767
4100 339
2925 1646
2369 228
4156 2199
8419 4299
7359 379
9826 6421
