965 
2119 1418
723 263
2986 1912
3899 3422
9019 8583
3869 1385
3760 2150
8557 2943
4872 4268
4957 925
2403 586
8426 1336
7858 3726
3716 96
5344 3292
6667 264
320 223
1834 295
3940 265
9242 1894
4648 3348
8249 6804
2371 1950
5994 4662
8913 1618
6085 3378
6044 1846
8443 671
2865 628
7748 1801
3263 1250
8497 4143
3091 2401
1574 995
2401 545
5634 1756
7847 7363
1491 907
8938 798
7541 3506
8189 1119
282 81
5519 4277
6491 4101
2999 981
3078 1249
243 133
5010 4499
1212 449
1056 127
8765 8008
497 90
4754 2159
6583 1396
4233 1648
4924 4916
1345 1266
3780 911
8205 1996
9574 7975
7946 357
540 360
8961 4599
2436 1551
1108 980
7070 982
135 80
7456 983
3909 2182
8375 2274
2766 114
5014 4051
4715 2149
7360 4966
9829 6019
2275 2225
6311 3488
9887 5773
3731 1721
7958 3749
7273 6076
7265 538
112 39
1757 186
2010 1096
637 350
8119 421
5125 2183
9718 4541
7344 6500
2459 1957
7490 5539
6983 3160
4255 3650
2656 1750
3116 806
7709 5735
8013 6362
6211 858
2363 2316
7335 502
4221 2689
911 875
680 611
4248 782
8364 1280
7371 2233
7382 587
6585 5696
2273 345
501 103
1383 233
6322 4995
2576 1154
5634 4891
8776 3393
7887 6406
4943 2208
1561 57
232 206
7052 225
412 20
2302 1695
9227 6094
4644 239
3435 2117
9480 3991
1474 182
8426 768
5740 2016
9511 8568
5900 449
7416 6452
8896 1667
4244 2176
9411 4145
3977 1007
2082 1894
4334 514
5197 2861
7903 7219
4700 2205
5294 382
6052 5773
2852 2469
3390 1703
1540 79
8802 250
1622 250
3950 1769
2308 1824
5014 1095
5650 478
9816 2751
1301 1151
5080 3545
6280 2417
1244 1050
479 273
4301 3513
2686 624
4140 3685
5038 1830
8870 7913
9221 3427
5255 1566
5471 2518
9700 2935
3257 1564
5201 1119
833 251
4042 1111
1859 1640
2318 2193
7097 1038
388 7
5206 2573
2425 660
4181 1528
4052 2820
6599 3959
1717 1351
9918 7927
2063 293
3729 1027
6414 5087
6012 4426
7031 1674
1694 486
2858 299
8904 348
9860 7018
4882 2887
5438 3446
7993 4165
6157 1345
4450 1122
3905 756
4001 2733
9656 9136
8607 95
6481 2334
5459 4021
644 329
8584 7132
9659 3590
4523 1988
330 151
531 522
2517 26
6946 4927
1798 776
9535 3340
9833 6341
2095 321
571 471
4204 105
6409 4543
6735 4863
596 73
2347 1062
963 435
5908 1868
9095 3405
7723 4318
8711 8158
1597 549
6715 4416
5025 3609
1193 1164
5664 226
3962 2524
572 378
249 182
6702 776
715 305
9589 2412
150 54
4231 1910
7084 2303
9136 6788
617 440
9944 9354
5234 4003
5309 162
1013 251
5178 2585
9517 7578
1957 209
2802 1793
7572 5181
6440 8
7796 1649
6965 5384
7950 1172
7066 2441
8795 2625
3407 1738
1117 397
5544 2504
9154 5038
8950 6034
3109 142
2659 331
3209 2461
1184 723
5757 5400
7277 3357
1533 1221
5502 4903
9141 1049
7049 4586
893 716
5707 738
611 537
5650 1866
4795 3289
9935 7171
3264 1058
4651 2667
1186 240
1650 214
5963 242
6593 3694
4546 46
9449 3080
1671 1579
2633 2323
2143 1998
7009 335
1683 1466
7959 2370
1398 465
8457 8326
25 19
1937 1488
8735 6542
930 522
7175 1795
4897 2202
1600 23
8223 5727
6647 124
9456 8781
8631 2491
9807 5244
6492 672
5576 197
5982 2782
5749 1153
1990 376
7297 1896
9404 7466
6385 3873
8228 243
8104 2814
2501 1189
8964 1397
1406 158
6593 999
1698 1146
2183 932
3721 856
5525 4091
2767 228
7775 6506
6865 509
387 71
5216 2138
9017 312
6874 6861
7396 5974
6166 3685
7923 1095
2317 970
2338 1793
2745 1872
3649 347
615 475
2653 1215
1428 236
3718 2004
5221 1944
7770 2587
7151 123
5542 280
2994 1345
1250 1091
452 365
6560 71
7190 670
247 161
5850 1530
1981 984
2910 1512
20 8
372 130
7629 3781
4697 1789
5421 491
6389 4733
9889 6406
6878 2753
340 36
9365 2593
8566 2622
2368 883
351 145
4697 3161
4110 2387
930 152
2284 1813
350 320
6368 3952
7648 2094
1173 70
7340 7033
7674 1958
158 8
124 31
3929 1770
7144 2885
1028 22
20 5
7313 3094
4538 4023
2124 1950
5137 216
6030 1235
9606 475
8496 3093
1496 1056
980 675
4985 4870
6708 474
9664 6968
2270 1466
1274 653
1836 1093
2571 604
5833 1213
6309 1484
3545 1122
9017 4082
8239 5532
3082 1414
1021 1011
5996 1797
7204 2605
5009 4559
8273 5194
8401 5316
2887 1208
6894 6818
933 172
428 255
670 452
5242 1501
2350 1062
4822 4771
2008 664
2536 790
1214 223
1426 1369
7105 289
6826 1106
6359 2921
1377 962
3054 2695
6817 1175
3450 2815
7443 4572
1052 1003
7711 4140
432 203
8087 4902
363 99
4134 1427
7062 3752
8022 1514
3307 2762
3689 3507
6141 2162
9843 9055
3824 557
8249 3675
2848 1992
5322 4419
7675 2075
9635 1768
2826 738
7037 4826
1763 647
9069 3941
8398 7509
658 51
5232 3341
1994 541
1284 209
9765 5091
6966 6214
2332 75
6813 2158
6702 271
4157 1576
7152 1946
504 250
226 76
2252 370
6671 2327
4717 3023
1867 1003
7248 6452
7554 745
6769 2910
8448 6017
8956 7161
5539 5125
1353 980
4832 4016
3362 902
792 150
9007 2586
2180 1973
7506 3537
1906 346
1054 836
778 26
161 158
8442 3852
3203 1394
6696 735
7549 522
3280 840
2904 1181
3774 1690
7411 5360
9816 244
8465 1760
3917 1029
4520 4434
1570 185
810 211
6055 522
7628 6236
1010 890
7944 533
3241 1508
490 5
1157 428
8825 6407
60 13
4373 2179
3377 723
4185 3845
3419 2410
7700 3470
6429 2495
4764 407
8227 2765
3277 1495
2494 1869
7806 3916
9743 7427
226 122
3851 1409
638 182
1431 1186
6428 2417
1410 1261
8334 1739
3641 627
2388 489
1869 975
8074 1917
381 99
4741 1782
1807 1218
4639 316
3453 3249
695 217
4083 2279
5987 5839
32 6
3433 1532
5129 3004
4022 1434
2904 725
7982 4324
6530 4199
3079 208
1929 417
9329 3878
7184 5307
4362 3391
4075 2845
8411 2027
6094 1309
6716 2136
173 114
6854 66
9155 8878
6719 6051
1784 1507
3246 2703
1520 420
3419 1677
8113 6151
1663 135
9754 9607
1122 31
2619 1658
5964 1352
1279 542
6275 862
2244 359
6518 2200
8297 4408
7316 6279
6099 2224
5107 2253
3866 1077
2257 1291
7058 6801
7660 6446
1811 1314
5838 5333
3745 2721
8696 5604
4743 2719
226 98
857 737
3392 2352
13 12
6359 647
4920 760
7296 5030
7028 5788
1649 28
6297 481
7 4
8718 3726
4154 2335
3529 2847
802 233
7131 4783
6172 6023
2773 1814
2756 1552
4326 3901
2664 181
9450 3446
1262 701
8240 2582
7313 4166
6245 5114
3255 3065
4889 2211
772 388
1742 1207
6852 1838
6330 5371
1709 957
2041 1987
6169 1324
7074 4627
1110 92
7299 3985
9586 1184
2215 339
2883 1025
2371 450
9285 2753
6626 3673
3523 2067
8272 4347
8299 1371
5997 1376
1231 822
5851 564
3383 1260
7241 5602
9830 7667
7656 1704
8511 6683
8578 1289
1187 744
1300 1258
8386 3962
9940 100
7568 4263
443 124
8606 3383
1269 1148
7492 3865
587 201
8644 8553
6535 3875
8529 4388
820 758
6186 348
3912 308
6684 720
489 475
6281 1558
7124 1388
6023 2377
3024 3018
7835 285
6263 825
8006 7048
2432 63
6609 3765
9768 1543
57 14
7480 7277
5366 4472
6053 41
3313 632
3893 2113
9135 5483
108 17
1144 675
5450 1893
6569 1362
6815 5096
320 157
1611 1204
8167 4563
1901 1825
701 107
1856 1356
7731 6851
3623 1153
1299 72
5399 2860
4435 1215
1121 808
8525 2296
4074 922
6050 5405
7705 1121
5467 4005
9450 6312
310 108
7010 658
4070 251
9661 7417
3413 2479
7391 585
7422 4546
1800 832
4084 330
693 210
7751 1156
5279 2256
3839 2407
7468 313
7399 1689
4625 2352
6217 3869
725 680
8054 3538
1428 2
9632 6805
755 258
167 22
4878 346
5505 2339
7470 961
4550 2531
4121 3535
2193 1376
5614 2072
2575 2130
1170 655
2623 1753
5560 543
5574 2148
2656 1175
8167 3461
4739 1250
2225 931
726 272
8117 4042
8164 1790
5346 1691
1161 332
3648 3096
7504 1423
3998 383
8978 6669
5978 1119
1619 1295
9306 5248
2839 2089
3628 2110
4406 2236
5482 1118
6089 1900
4082 2473
7522 3103
1913 152
974 192
486 400
5134 3864
6634 2326
9122 1488
7983 2862
7226 264
750 379
5052 626
2844 1448
3162 2240
9063 2026
6723 3258
1425 996
6884 5704
5517 2916
8648 2629
2837 2621
6105 372
251 186
4053 1856
6861 1405
5427 1625
948 411
9824 9715
6502 6217
6109 5143
2521 1465
630 446
4012 2785
4765 245
438 41
5705 3176
7295 1080
5743 751
7672 1253
8876 5265
5488 1984
4608 2105
2649 1787
4195 3120
1074 1031
356 119
4339 1843
9170 3506
277 153
3713 1176
5889 5574
3009 899
293 269
9560 8138
4094 409
5230 4303
5939 2972
7873 1622
5900 240
1478 250
2811 2560
62 21
7461 2346
6850 2618
4 3
3788 2624
6410 1000
4562 122
8856 7739
5938 466
4791 423
1297 901
2646 2539
8947 1674
1418 95
3150 1847
377 11
6548 569
1477 1038
2180 839
2789 360
8144 4618
6025 5246
774 547
2491 30
1409 997
6772 4063
2798 1491
8987 2937
2272 527
2871 376
2451 2162
3878 2991
1828 1727
8282 7198
7707 5035
4198 1943
3322 488
2687 2428
9375 7475
9784 2492
89 56
4171 3401
8958 5303
1796 302
8464 4733
38 31
241 53
5522 1818
1768 906
2387 1981
6150 3821
1701 265
2480 950
518 198
5519 1859
4051 2125
3334 1422
6146 4846
5239 574
2055 1205
2528 1036
7330 4414
5699 3598
6280 4213
7032 4198
3485 558
3532 1757
7869 5930
6680 740
2691 1810
8585 1824
9118 7187
7806 6062
6777 1605
8376 5685
2171 381
432 423
685 326
2729 118
101 82
1321 574
1720 1096
7261 2372
7200 3876
1210 128
7175 6079
1752 1673
2183 1767
4945 873
8088 5799
1818 1397
4546 3632
1396 1120
9699 7709
9296 1784
2208 1365
2225 1462
5602 589
78 48
5069 102
7529 1243
1771 171
2264 2087
3276 1632
1110 936
5636 2940
5138 970
578 28
2287 1315
3373 2136
84 54
5068 882
2533 2052
2262 2067
1456 1273
2544 2305
10 3
7757 7481
826 26
1328 344
6400 564
1254 1080
7042 3281
7751 1075
2886 855
3496 1154
349 223
207 37
8936 3332
7562 4254
3677 3624
825 527
9880 5731
6218 6126
9440 1644
402 103
2649 1849
5773 3066
7982 5534
6515 809
1571 482
1868 1574
3810 3413
5221 581
