994 
2151 599
2757 2413
5105 269
7394 4698
3075 237
6305 5415
8969 1253
743 196
5826 2212
5669 2620
1964 1321
2073 1101
8373 2459
2649 520
6169 3911
7858 7009
6829 2870
987 15
7275 3740
9655 3797
4364 838
8427 7474
4421 164
4895 536
6593 5257
4683 3172
9451 2297
6638 1402
3636 1445
5418 3659
6515 299
1484 1336
7839 2795
6204 1417
6731 4675
2588 2063
7931 7726
4095 1834
1777 360
4726 488
3241 1106
3427 52
7785 1486
1551 529
9405 6828
8534 3336
7446 5602
736 195
307 293
5316 4522
6512 416
8777 1856
9225 6541
1778 883
3010 71
7344 2693
6720 1017
9442 179
283 44
1181 565
4119 655
1660 1449
3035 2741
8308 4037
4348 604
8812 135
1146 931
2206 424
9891 6322
7793 2258
2339 613
3820 906
5246 3931
450 138
9241 7390
2617 1398
2322 1140
9633 4661
4906 1843
1306 479
7618 780
6943 2622
7857 7765
7378 3589
7929 3212
3072 785
1970 556
8798 4640
9467 3195
2436 1642
3487 915
32 24
7626 2677
5749 1531
5752 644
1868 109
9382 2666
8854 6635
2335 1035
1360 1165
3096 1277
3881 2112
5331 1552
1283 1206
1256 1093
38 8
255 142
775 735
2433 97
1448 1425
9059 5051
9978 3502
2296 1341
6949 722
6032 112
532 35
8329 1058
4602 2059
8744 1763
2371 1907
8373 1254
7132 3910
9422 2774
7162 254
2610 2353
8695 602
8138 118
9294 4351
9566 3603
2930 2135
2144 1789
6192 4896
4351 170
5141 3906
3475 2653
4517 1032
8073 767
2173 1363
6516 4865
5452 4862
4243 3974
4353 4055
3542 184
8263 8031
94 84
641 236
6318 5104
7766 848
860 261
2128 619
6827 4310
7733 5729
9900 586
7633 1237
2108 1226
7306 6512
4619 4256
9828 4791
1022 287
2794 2206
3346 674
2163 90
4920 1457
2988 1992
1533 154
945 463
9188 5209
3408 2087
7985 364
4336 2836
8646 3782
2551 1945
4687 3055
1558 366
7834 6693
4295 814
8562 6104
1117 7
1594 300
140 136
5371 296
4469 3423
8062 548
7120 5354
1386 876
8434 2230
8153 8018
426 161
312 252
1297 228
8286 2728
2762 2150
2050 1155
9283 2157
1867 16
7403 2768
6295 2181
9086 533
1139 127
2172 902
7373 5196
9410 807
2392 266
3749 586
509 508
1375 858
263 211
8665 5016
2375 2278
7496 7422
4453 3202
8123 1407
3884 2758
6166 2756
5502 2636
8919 917
927 656
8738 6576
497 262
5831 1486
2765 1824
9292 105
2955 2691
3583 2397
3948 1738
1044 700
8401 6469
1792 1117
1562 89
540 206
9956 6384
2822 2039
2509 170
6 2
2663 2623
2375 1496
5537 299
5528 2497
6011 2572
1276 868
7834 4968
1833 654
667 340
3200 1350
901 668
9098 5259
2563 1811
8043 4045
2786 1779
8755 6139
5175 575
4474 3853
748 675
1284 153
3027 1285
3848 880
8064 7622
4177 3819
7492 5910
2672 463
9738 9717
5969 1139
7224 3184
5079 2461
8152 2333
2580 1890
3607 924
339 311
8710 1489
2139 828
277 29
6059 5677
4937 34
2457 594
6687 5195
1582 1087
3852 2664
1439 400
2038 457
3025 1175
1257 1240
8251 2553
1292 166
8044 6703
1572 509
1217 601
8444 8015
4813 3662
5680 5299
2176 1946
1416 742
1020 526
1877 1790
723 472
7208 4334
936 162
5438 5091
6302 242
2772 254
8051 2439
837 544
5429 1862
3462 3093
8229 1877
4424 110
8687 1705
4156 3130
1269 154
9187 7592
1329 1000
6714 2051
9316 363
3606 1576
9442 2114
6106 2632
7604 3988
8850 360
4738 4129
7208 209
5713 2750
1050 141
2874 2519
3288 103
9292 7974
4065 3578
5490 595
2545 61
8752 3566
3072 568
1619 1493
946 824
6889 6657
9290 1680
7718 287
19 16
807 234
8330 5191
7812 4022
9557 4664
8437 804
6449 477
5617 2891
7357 5691
8413 5939
7033 387
7753 4692
493 378
4751 2059
4312 2317
4759 2197
9136 753
1017 247
4418 2294
8494 8119
2307 77
86 14
7710 7283
8671 7047
7226 4573
3786 2732
3684 1566
4432 439
2219 172
2816 65
1117 814
5261 5139
620 303
9406 2444
4464 331
1479 855
4944 2700
644 602
3779 3492
2260 905
3286 989
9267 3376
4541 1262
4694 13
824 382
3156 2780
2221 499
7438 599
6202 4375
5253 39
2362 1888
4910 286
8869 7890
3900 1444
1426 379
2295 1394
4147 2066
2090 726
4226 1325
8242 7980
9062 5996
9109 1642
2712 1068
395 171
9543 5150
1074 518
5233 1053
1634 1147
5752 281
793 661
5759 1287
82 45
2237 2169
9184 5039
3925 3490
9473 368
7914 6703
3947 537
9622 8510
8952 505
2536 181
1198 807
3210 447
9020 6232
6310 5827
5668 1635
9807 2440
2761 1231
7170 1518
4194 2907
5091 3892
5839 5576
4861 782
4714 120
2124 461
7412 1510
2556 452
546 206
4055 814
2902 2522
89 6
7164 1433
9979 7058
2656 1804
1248 78
9844 1586
1163 788
6987 69
1810 1652
3050 1105
5193 4003
5585 1893
8048 1544
7767 1543
3838 141
7561 3338
7158 4306
9022 4451
9263 4557
5722 4287
4282 1387
567 272
9246 5506
3148 1586
8386 3866
743 346
6083 417
5419 4133
8655 2049
1513 650
1707 1486
2458 2129
5451 903
2029 200
1505 169
1008 486
8392 8369
4954 1210
1045 12
1583 143
4334 1454
865 502
1203 257
9047 2014
2867 1979
4984 3996
4554 3710
364 60
4965 2506
6423 3651
5628 3907
39 34
6422 5716
7433 4146
137 100
8574 6793
2522 1597
1289 1015
8658 5140
2737 721
5062 1604
9347 826
2870 2054
8089 6619
705 314
6940 4470
933 168
5182 26
1145 1136
8338 5477
6771 3995
5998 834
5036 3428
5033 1191
5761 2478
4731 4497
1453 1287
792 754
7398 4991
7245 1571
2523 523
273 112
1559 1144
3342 497
8194 494
7964 6087
4965 4404
209 49
1785 1382
9331 142
3518 1116
1935 103
4570 2253
1525 1505
1876 22
827 608
4929 1583
8237 5132
7374 1583
1246 1216
6143 1824
546 309
1301 284
1302 832
5237 1249
5474 2018
7002 48
4545 1999
1207 1108
6970 1948
3802 225
9315 7251
5644 4935
5788 1526
8780 7253
8689 3533
3706 58
8292 1130
9236 187
8692 4121
2072 652
2681 430
4067 3429
4290 3615
3446 658
1559 673
9685 5330
590 319
9323 7001
3490 2763
3376 2350
8082 660
1724 1542
2608 1990
197 38
1072 417
7221 2713
7357 1530
9815 8995
9182 6272
2104 852
40 27
4471 3345
21 18
9119 1704
9665 5011
9194 3573
3276 70
2346 1142
8412 2086
3331 305
2923 543
811 511
6181 3246
2438 2038
745 454
1580 1159
7529 7029
3571 354
2583 838
1089 322
1494 244
1323 697
351 27
9154 2887
7668 6063
5331 305
7235 4798
1251 640
5873 2192
878 353
3981 3035
9813 1569
6835 912
1647 950
1953 1528
7826 2250
4642 437
6342 760
6816 549
5015 1345
4478 97
6596 2638
3459 2279
1777 921
6545 2631
3252 2562
7562 2745
6475 5879
1081 1051
5490 445
8545 4422
2735 751
2320 2251
3680 2898
331 316
1004 897
7715 2289
9588 3632
8606 5485
9992 2889
7407 5495
7192 5141
6851 1263
7328 6484
1036 465
5626 50
943 494
8006 4646
403 162
3404 686
9241 8802
3741 2563
182 11
6417 1071
4455 4161
3178 1128
8924 496
9848 4058
3138 390
5119 3966
632 324
9277 4875
459 165
8849 8754
7303 1952
3284 2867
6270 5455
9683 4290
1530 413
4509 2218
1032 94
4920 795
8351 3350
588 171
987 327
6990 2340
8841 5530
7174 4777
1610 974
7696 7086
8557 6658
3699 1563
5137 1963
7151 4946
2983 2576
5688 552
2613 856
3787 1600
8293 1089
8350 6406
8130 3128
8343 6922
3729 506
116 23
4545 3397
5105 4520
8891 2335
8740 798
4915 4845
7352 6090
1575 1048
4049 361
2775 2686
9626 6308
6506 3311
7783 7601
8224 3633
8360 6692
6102 2858
4776 783
611 535
3811 722
6108 225
774 472
3310 2780
2575 147
7676 5414
9365 6155
7534 3769
4740 3444
2918 1720
2118 1865
8749 5935
1512 70
833 558
3666 285
1315 380
804 432
4285 2312
6495 2155
4550 29
2579 73
9258 5286
5457 125
3196 2176
5363 26
483 132
6161 2467
2160 1481
9163 8766
1571 127
5257 1698
4255 3635
2033 1824
4947 579
9112 616
3324 2649
7561 837
2717 1232
2075 1433
7536 929
3663 2404
229 199
9584 9336
2606 857
5837 1400
2120 1400
2960 2709
5480 3138
7484 5447
6672 4790
9953 5778
7556 5427
5849 5232
7258 5938
3606 1702
9185 6283
2738 1901
9879 5524
7669 1423
6163 2564
8421 2578
754 283
5584 2950
6047 1338
1636 740
6651 2721
2040 1671
5440 4620
5288 2735
5498 2259
4466 571
7546 809
5460 783
4524 1170
3472 2705
8862 6341
6136 1217
2444 2087
1433 271
6735 4660
9357 3379
2787 1367
1296 430
5848 1556
7071 639
9109 4628
4635 2027
1442 1386
918 370
8088 4202
6798 795
6044 4999
8829 1659
6946 392
3381 2278
1910 16
6228 2107
4578 1567
5942 3056
5445 5085
9001 947
9315 898
1496 89
794 93
246 38
491 375
8222 2154
2152 1829
2291 1821
3028 2114
9575 7597
9836 3070
8226 6444
5097 2784
4711 3711
5222 4387
8415 904
4856 1865
635 441
1440 385
179 65
9502 2710
1370 605
815 61
560 423
4239 2604
8514 2812
626 343
6653 5525
1112 748
6317 5314
6542 2560
2483 2178
6960 6746
6784 6106
6298 6259
2245 591
5083 2231
7336 199
3806 2699
5590 4313
3962 687
6140 3442
8752 8599
1368 808
9306 50
2638 1236
7535 2521
794 765
1909 1350
8667 1460
5049 4258
5779 5384
2179 857
3126 835
1665 713
1922 1770
6807 184
5496 2172
2930 1363
1367 617
898 882
1870 294
9708 9523
1880 834
1142 191
5277 740
8904 2516
3377 2140
7959 7723
9608 2679
7128 644
3538 827
4446 472
4055 3951
1244 1107
1524 361
1588 1517
3701 3342
4732 2596
1875 480
5668 5373
5612 483
9470 2405
6521 5629
4768 908
8408 2500
4842 2689
9678 5789
8310 3329
6012 3612
6225 2422
7988 5741
1751 640
7815 4986
8597 3567
4746 2813
4149 1766
8217 5765
1613 277
9957 1267
2093 1349
7557 927
7068 2829
3347 2603
7692 7622
9024 2326
7528 1794
5729 558
5885 5524
6498 4951
412 407
9775 3868
8535 7283
3337 2886
5180 1154
1959 1638
7778 4614
1941 356
6678 3582
8713 4588
6573 4823
1431 549
8434 450
5667 4858
3705 3107
4007 1774
7278 6127
4030 3918
2839 1107
8369 4022
4655 4037
2277 462
6519 1019
6414 3162
9325 4046
1665 1263
6806 4991
4754 582
2645 1716
3059 1047
6075 4715
2840 1975
4365 616
4173 2852
2526 1294
5651 1498
2330 1398
3029 1663
1370 586
5600 5519
6626 2382
8091 6478
5744 2771
1085 542
6976 4855
6284 3807
3917 497
8382 3065
4442 280
523 522
5084 1593
617 510
8947 5578
4877 1990
6004 2489
5852 733
5208 2947
3081 2041
3686 801
3288 864
9791 5618
9022 6941
4283 1256
2706 1202
295 259
9549 5512
6691 732
1925 1434
7265 4570
3790 3510
8501 1813
2086 614
5147 4302
9043 1951
8051 6382
2440 704
8227 1405
