1000 
2253 144
1219 328
2467 782
7084 3940
5090 2568
1031 103
2601 830
7571 4966
6122 5695
5810 5619
7419 1829
7231 3487
2194 1497
5396 4713
4579 1711
4956 4468
1358 1027
3629 1859
7272 1494
1839 1175
6456 3478
5306 2302
4092 1968
8226 5225
4091 423
1927 1915
8310 5962
7046 3848
6297 3173
9180 2474
7374 3473
7131 5899
3776 1919
1901 1077
118 69
2833 2556
4294 2624
7188 669
6534 3398
7041 3176
8280 3020
2220 1691
9411 514
1123 338
5872 2528
5917 4714
3272 1333
6215 5102
1345 818
1670 1526
3131 1049
831 662
7206 1189
871 345
1013 554
873 870
9340 5766
9945 9386
7858 4583
4058 173
3803 97
5103 1985
7293 5882
2762 1047
1382 1086
6643 5148
2458 522
413 44
242 210
1941 917
8451 6744
1006 222
2071 749
91 90
5029 1496
8511 6905
5226 1736
999 296
4521 4328
3945 564
9499 1904
5689 3719
2608 1357
6089 975
3406 1896
6561 446
7817 264
3043 3017
4622 658
9145 5160
9560 314
4265 1857
646 632
3889 3738
1149 1019
5535 5095
6924 5080
7164 1341
1981 745
1777 741
5741 1177
120 8
2906 2884
4325 4098
240 46
3556 1128
2200 1224
9283 5021
7203 5378
1628 133
1301 1203
8104 7910
5015 4761
8558 4581
8341 1880
2284 1996
8559 2954
1766 811
906 539
3173 104
3807 2005
83 13
5003 1195
7713 5387
8420 7078
4305 1657
7886 137
5279 4252
5828 2776
9102 8689
3226 62
1575 785
6813 6621
363 216
3513 2156
5819 836
6228 1081
4526 3528
1667 134
6270 1746
9135 1176
7961 1427
3409 1803
24 4
9281 6827
1933 972
7625 3453
5895 523
7511 3955
8292 3445
35 23
3922 2354
6947 1413
7391 796
729 275
3069 1813
2258 456
2463 373
2669 1123
6675 4994
8891 1489
7464 2246
784 211
1668 628
1153 977
9634 4736
97 24
2605 698
8809 4942
1142 972
2073 1314
1226 374
1512 932
4599 4054
8927 2358
14 10
5383 1369
8613 3033
8208 1884
9983 7263
8529 5015
4435 796
9369 8556
1978 780
2578 413
6083 3890
3637 1776
2653 349
4107 370
7242 600
452 219
6115 6097
641 130
3131 2456
5474 347
2993 2417
1954 853
714 28
2243 1020
5436 3502
9024 3027
271 51
6299 6181
1047 418
1151 465
1260 942
4673 2041
2971 423
3928 3266
6887 4271
8846 2945
3396 3088
3849 2613
1041 917
2075 1654
766 239
1963 1465
2198 1855
2420 2152
5414 2164
6684 1178
1239 832
1247 180
5422 3022
2748 595
6380 2716
3216 2495
9114 9026
7701 2543
1207 690
446 359
6308 4384
2874 1732
8809 2824
2561 835
9303 7025
1268 643
5921 4725
6643 3154
3160 1029
401 250
4902 1848
124 105
7571 1355
1445 1194
4607 3253
3224 3165
1212 967
2540 1765
2158 1493
6306 2600
5757 1065
2804 2393
4431 2046
9691 9406
1259 41
6774 1225
251 172
7441 75
1938 1472
4462 4235
1997 496
2619 2424
1030 501
1848 1614
2663 128
334 331
2055 1314
5645 1052
8346 1562
5638 3703
3234 1503
6321 3460
8677 1529
9546 6924
8776 3318
5344 2535
7939 1300
9088 5334
6633 4066
9832 1929
2634 1108
966 606
8435 2584
1945 691
7270 441
1853 154
74 37
1739 1200
7798 4996
5429 1614
121 86
5242 470
5462 2486
176 156
3069 2778
5623 5127
8083 2256
6834 2792
8032 3367
6649 2405
3884 3309
3944 297
7701 3829
2550 1498
8239 1708
2314 477
235 226
9555 5043
457 393
3934 2999
4243 142
8143 1044
4713 1904
1129 908
7153 1827
5598 2627
5618 4852
8601 6295
279 253
4209 1272
2831 1658
5971 964
116 61
9115 7398
8020 6819
4217 2414
927 808
110 64
8263 2462
9100 5937
1596 361
7993 209
9601 4949
3634 25
1312 742
1276 873
7070 5984
7902 1447
3463 1147
2914 1787
3527 2991
5122 2269
9233 3522
2657 203
9877 4068
669 288
6879 5897
7560 6915
2412 1844
8518 4415
8245 4082
1457 893
2525 698
7369 2691
3793 320
3654 1777
7877 3955
2358 1036
9595 3299
4169 47
3428 1653
6803 5633
2515 1165
6105 350
8670 1098
3177 2311
6379 9
9955 2338
3957 93
3835 3827
6130 2641
5042 4736
3868 2924
4212 3048
9582 5416
1094 251
3427 2271
6240 1382
37 25
1951 1303
9492 1048
8821 6578
8942 2422
8703 6516
5066 3295
4634 2735
961 823
7388 3580
1666 573
8372 3684
2922 578
1846 468
1261 496
9033 5048
6999 5674
7668 6280
4358 1782
1542 1089
9295 7736
9532 5801
3306 387
8635 1797
1757 1406
3235 2665
7973 6437
442 380
888 396
2503 2252
3436 3124
7909 273
67 49
100 37
8883 8784
8353 5208
8680 4069
2620 1490
18 2
4889 1213
368 112
9317 1156
8419 1730
3837 3559
1069 537
8548 2162
8044 1014
41 36
696 681
930 924
741 17
2053 503
1171 642
9939 442
5375 1542
8410 8307
3053 1766
5646 363
9216 7757
8566 8501
9815 2128
6690 71
8116 518
604 245
146 120
2872 392
161 106
2717 1254
4518 4452
9614 9301
5819 4497
6948 4660
2460 5
2511 2357
7592 3483
734 566
7373 5697
537 468
7956 2090
3514 332
4543 3439
3777 3224
4207 2033
6846 5385
1100 154
9561 1758
962 947
5559 485
9915 4637
2586 2514
1288 1249
2599 625
539 236
7956 221
9155 5261
1112 50
5436 5277
4682 1333
7745 2147
8151 596
4692 1140
9686 8315
2653 1195
3534 1672
9718 569
7995 3946
2844 2035
4488 2520
6929 3783
5356 5
3595 1988
1835 265
9737 3853
5241 2722
3623 259
2224 867
7962 2876
9765 5777
4077 2857
7490 1538
845 786
1875 1073
3873 2634
5227 3977
880 614
5649 2440
2295 1716
8321 347
7098 6806
7348 3526
2125 232
8505 792
5696 3888
9801 7183
2273 804
7347 7069
5644 5085
4792 3024
7715 5228
9994 594
2406 42
8718 6762
2554 876
1326 651
1008 312
351 148
4741 174
4844 1650
2604 812
5989 661
7881 570
4903 409
9392 229
6775 4978
8436 3274
411 393
9071 2649
6358 6136
7779 6915
1386 151
2584 1479
6098 4826
563 506
2816 1873
2087 269
2758 1229
1171 1142
8847 382
736 124
4551 94
7680 3340
8325 2795
2627 1923
1368 1197
2016 1494
6829 916
7746 6005
6950 1246
7945 7431
5341 771
9256 667
3101 1791
1573 194
1328 1029
704 419
7472 518
8033 1016
7711 6116
4309 1814
4748 3122
8530 5249
7979 7649
2459 1616
159 69
2698 614
9760 1035
9168 510
7624 5221
7063 1934
1956 1484
1216 19
2176 10
1337 2
5553 3262
2424 1227
9524 1861
1678 730
1678 774
8066 7282
8112 5137
2150 679
5630 1475
5503 3770
7149 2226
5360 294
2736 989
1959 168
2534 2247
4730 3471
4247 1052
9271 8111
7888 6853
8665 424
5712 5203
9543 7248
2127 356
433 306
1821 1543
5315 4131
9614 771
7660 1024
5385 42
6406 1274
11 10
2041 1680
309 42
5849 4684
4306 1280
7931 166
8829 6144
260 75
5104 1253
6208 1009
9769 7268
4605 387
2016 10
3786 2620
4433 1340
2273 881
2668 2135
3975 2628
1434 285
1035 272
4429 2357
845 707
2247 202
2378 640
218 140
62 29
9761 239
2620 511
8635 3876
3932 595
4543 3850
8582 8449
386 211
9565 296
177 9
9121 7915
4843 2744
1411 279
9966 9463
8781 3197
1836 122
4456 568
4058 2
1257 977
9170 514
9783 4136
2047 1690
5683 1087
6854 4733
4312 2118
4000 2255
9623 6340
104 97
8316 6130
5547 1974
378 43
7393 1699
7356 5043
7501 6410
5508 1403
1162 871
1685 333
9892 2427
5630 980
5995 2456
5335 1497
8576 1094
5610 65
7517 7372
1895 451
6769 3915
6863 993
2152 1726
9177 3605
9757 3396
2444 1639
7259 2166
5586 815
1889 1735
5157 4478
5255 4392
2186 341
4559 4120
5523 2906
2379 996
7498 1002
9658 3988
6491 4193
2064 1526
6751 2025
562 377
657 301
2606 1348
875 25
928 655
1142 799
8543 386
5774 4868
3524 1995
7443 2655
9419 5527
8045 1439
4379 210
3729 1664
5375 4510
1281 911
9706 3141
3344 2233
1007 323
9885 76
1841 186
1417 645
8999 7217
975 955
2321 1453
9570 3568
6376 2058
8468 576
8743 1755
5336 775
1263 916
4671 1480
4203 523
78 15
3982 3845
4984 1069
9022 1666
9271 3254
5374 879
1877 716
8000 31
9249 4884
8523 3385
3471 1851
1089 781
1545 797
435 165
1824 803
708 201
3617 2281
1899 925
9173 8950
334 80
6222 4882
7798 6535
5050 1698
8518 3625
5330 1570
196 137
2188 1521
2734 764
4160 2481
9548 8626
6794 6022
2017 615
5604 1629
4611 1196
3431 1689
9972 2666
5749 4276
6417 3348
2563 2281
2139 1426
4510 2872
3024 1735
3796 1013
7193 4060
2465 2007
5824 2199
5724 2373
3716 53
1440 1010
5439 2827
5462 3395
2082 130
9770 4
6342 5052
8397 578
9068 2612
9621 635
1264 773
9675 4237
8991 4559
3949 2172
3444 1396
548 539
3971 805
1199 705
6847 357
2934 1401
2344 1871
5075 1488
6921 3487
2396 370
8534 4601
4612 18
8123 5430
3578 2060
7620 2952
773 75
6840 410
2269 675
9236 8848
2103 38
269 230
748 443
6318 2575
5898 4680
8911 5126
2658 2515
6546 6098
667 442
8997 2240
4341 494
1075 504
1994 1773
788 603
2512 851
6343 1968
8190 2983
4583 1230
581 532
4728 1075
9530 4530
1675 738
651 498
7256 3131
7307 4996
8058 6395
9170 3391
6848 3228
4893 2346
6142 970
9132 7521
4919 4270
9591 3453
521 370
8642 7812
2428 798
5180 180
9243 8942
4311 3599
1890 1543
1882 1549
4640 281
2981 1431
3489 2595
169 52
8201 6095
9701 9247
5389 1150
1017 764
6779 5176
3627 3094
8269 3184
7713 423
7450 2367
1762 54
8023 4830
292 30
9451 1811
1609 1450
6843 1277
3785 585
668 79
4455 3959
6386 1108
8079 6697
4428 1307
9702 4876
4021 2940
6288 353
653 562
1200 1000
3634 1309
4547 94
474 281
472 171
2156 596
676 405
8790 2490
9880 1760
4109 4026
331 153
1148 1137
1464 1068
7001 1344
8302 148
3126 2048
7306 4256
7032 497
9288 2479
9674 7307
1361 952
5052 2913
9094 9069
6530 6279
7561 2690
6147 680
4293 2748
1620 1269
8644 2421
2405 2109
7595 286
5246 759
2048 1153
1899 102
9152 5559
6079 5053
158 120
9125 1516
9695 1399
3235 492
5178 268
622 168
2269 892
5991 956
1168 251
63 32
9496 1426
1155 804
86 18
3994 2898
8877 608
2703 1293
4472 959
8659 3643
1060 176
299 177
9077 2347
7382 3137
1698 186
9358 8491
4354 826
5340 354
1222 141
9972 9226
1334 1
1653 1548
8011 2697
7488 3090
1497 1124
4782 2389
989 682
6744 4763
228 44
1530 1315
3728 1007
1062 742
6998 132
9645 7957
9294 665
2494 2177
570 252
8177 5822
1040 67
9160 2462
9714 1091
5830 504
5596 1685
3106 2523
3089 2602
4053 1376
1891 311
2175 849
1119 7
1197 307
1361 305
2115 1499
9337 5092
73 16
811 777
9594 1449
1700 1078
7188 3
7503 3137
5633 1460
7611 1890
75 19
1112 960
9258 812
6650 740
6903 2903
9186 1943
7818 6021
9995 6639
619 184
5373 514
