860 
2292 1329
2648 1727
3032 2594
3798 854
743 297
72 38
797 470
338 193
4361 1256
5066 1418
4088 3835
2177 1600
855 120
2950 1807
1416 895
3914 472
258 78
3807 1723
1027 544
4837 3177
738 597
622 423
671 366
1620 81
5122 3195
131 112
4795 4375
8468 2767
4512 3057
6598 1962
170 39
1999 596
6444 6231
7278 486
2115 1041
5410 1254
9570 1841
851 717
36 21
4346 1593
5673 4309
1879 972
2479 1459
5126 1605
1788 1385
5770 3456
1813 1533
2245 2040
9545 5930
5111 1266
8909 2026
5145 1216
7564 376
4429 3039
6588 1996
3113 1457
5071 107
4300 2951
4672 2662
4596 995
8880 5938
6982 1557
7412 1114
2489 486
2802 738
6939 1093
4299 1595
677 280
1019 769
8685 8300
5181 1320
303 142
5970 445
6598 6321
5210 1712
6168 2145
2306 1419
4856 3726
8690 2459
6848 4774
1705 1028
2987 97
5191 3881
4546 1066
6820 2369
626 74
721 54
3692 1338
9906 1122
8167 6852
9894 5390
1237 613
827 360
2920 2438
6845 345
2571 504
7082 1766
9439 6464
2013 702
4888 2138
9677 8924
3236 2503
656 320
5090 155
1273 33
4316 2310
5493 1390
326 212
2369 199
4555 1754
8827 8582
4720 1245
6656 4416
7124 1395
7116 1047
6404 5468
4839 2321
1985 1895
6602 717
8710 1260
5171 4452
1788 17
4601 2899
6327 5383
6275 918
7406 2587
5197 2039
6598 461
1620 288
9240 6963
9803 4824
1900 797
8142 6821
1631 1147
7504 205
3051 2621
9884 4459
116 70
37 7
8353 3731
6034 1739
6192 2290
6622 2177
7327 1852
3693 456
3460 2059
1030 15
4387 3745
9468 5171
5654 4104
6346 652
3670 1736
1506 637
5904 1552
2276 982
9665 3052
1141 971
1798 783
243 149
5244 4350
788 18
6190 3724
9150 8853
7597 2933
7086 6562
6544 5103
4681 4390
9852 9599
1437 1271
8122 6223
2280 2253
3774 370
8655 3900
341 174
868 452
9363 1649
5625 984
8617 2050
1922 233
9820 1507
1969 883
3616 2667
2922 2744
2474 1008
7342 6960
8122 6206
4327 1232
6862 1932
860 209
9372 32
7299 5096
8676 7653
4375 1806
3151 258
654 213
5670 1860
3717 2635
7657 6339
1605 501
4084 2257
4385 1033
3305 3157
8857 8724
9172 8916
355 131
608 74
6114 5672
3790 2082
4878 872
9493 2502
3837 3280
1811 1105
9849 6744
3615 1602
3376 3041
3209 535
1550 593
6717 414
971 180
1661 177
3384 1681
410 90
2645 1653
1499 1044
4275 883
7230 1432
8533 3737
7400 6627
576 399
8126 2914
2740 380
8510 5221
6066 2919
5753 3225
272 170
1486 209
16 15
1408 793
5790 1255
2476 602
2109 779
9398 260
4175 2120
3570 45
1109 74
2672 551
8 4
4599 1151
3935 2465
8389 4482
2595 2534
346 110
9997 324
394 258
6257 2121
8564 4356
6708 2897
1128 877
2648 1477
8176 1905
574 366
1780 1740
598 159
5870 2343
5951 2067
4009 1345
8518 5609
4377 2379
720 321
8419 7637
7605 581
3406 2842
3980 884
1157 1005
7212 3616
6824 1046
541 420
5293 2571
2321 5
8484 7841
5965 2587
6343 1345
4222 1309
8669 5995
4128 3671
1873 1028
4209 2114
1079 927
1569 1350
2392 2015
2725 2054
5 2
3233 60
1669 1519
5960 258
7763 3612
3784 2599
6223 5851
2495 1550
8152 3542
470 217
9215 1813
7142 5846
4764 163
5343 2779
5697 205
7526 6183
6882 4728
2973 344
1267 160
2622 2027
3248 3128
1633 309
401 83
7230 775
6959 3141
7382 6556
3871 1075
470 309
67 14
6811 3912
1442 520
7177 530
3354 2381
5375 1567
2594 1868
8143 5080
4156 3701
8831 5495
7883 1568
8253 503
1563 518
2028 896
5377 5199
7867 6807
3980 1086
4032 2048
9925 2807
5391 794
2660 1183
3350 131
7762 2269
5451 4641
7370 2761
4029 3584
954 350
7869 2765
9073 2276
4570 2604
7447 5053
3115 215
1819 1277
1399 259
379 350
1354 289
1245 1179
3117 985
4175 3866
108 37
15 11
4925 2109
6389 2640
1440 717
2837 912
2200 1324
6024 1509
3853 3691
350 24
8262 8103
1224 779
284 99
4007 2084
1879 1484
4713 3566
7184 7078
694 307
508 76
3070 406
8820 5610
6100 1888
7996 6983
9382 2595
460 449
759 570
1505 1356
5995 2505
2798 1263
7900 6476
6207 2490
5206 4631
354 110
7955 1193
996 418
432 40
3789 164
2448 2026
6452 1052
377 226
4537 256
7648 640
9301 4568
618 156
766 51
2329 1076
8496 7625
412 363
6008 3567
3296 2746
417 295
106 63
6651 5645
4218 2494
4192 1331
8357 7849
1664 1638
7653 5955
1724 840
8216 1271
5350 2187
354 40
7421 314
3620 416
3991 184
275 52
512 214
5582 4898
155 95
1200 254
7874 18
997 961
8462 4772
2353 352
146 75
5399 581
3094 1783
6174 142
3609 670
2841 1035
2080 406
1088 269
482 102
8268 6416
4646 2654
3167 877
6190 2622
845 590
2485 1187
3738 527
279 267
878 705
6610 4681
5771 4634
2939 227
549 468
6626 4732
1217 1077
7204 5460
8795 2392
1422 1163
2791 1716
4537 914
2053 1135
809 368
3915 1113
2026 135
3892 3434
6092 2956
5970 559
2477 798
8299 807
1728 408
9723 92
2832 1221
1520 1020
4995 1796
3683 1599
4327 322
7774 5350
6333 4889
5878 203
962 12
2717 1287
2283 1723
7698 5907
2862 872
3620 2545
2517 2452
627 534
1727 1564
812 423
6275 238
2279 533
7322 4929
6033 2041
509 439
4144 2063
8416 4152
950 932
5913 2552
4592 3726
5868 2451
6482 5009
9417 1385
370 89
4616 3286
6798 2264
1439 508
2103 1898
6800 2031
2882 1146
7209 5894
617 4
8710 5938
8456 6301
4022 9
8513 3076
1554 844
747 684
7405 2735
5767 1680
4943 1992
1965 728
7698 467
7777 1455
9240 1020
8950 6307
4499 2955
2983 820
144 117
2709 202
6095 2274
565 166
1839 1307
849 385
3973 1753
5318 2043
3737 2249
987 565
2735 2484
3382 1162
2875 1225
4796 2981
1385 1226
8123 3610
7790 1789
955 44
3100 1482
8642 7066
1650 1213
1066 686
9427 2082
1030 607
6878 6737
5719 2883
4652 1685
9164 7188
5 2
2611 2515
3521 2394
950 659
4625 1886
3794 983
38 23
2359 252
3182 275
2001 534
6941 207
9363 2754
4936 531
1339 31
9263 6027
292 74
5487 1760
6294 3814
2636 1
1220 695
5341 1944
2480 226
860 234
8871 772
3083 2892
6241 1319
3793 294
9869 8441
3061 2722
1618 340
7690 2077
3315 903
9935 4056
9069 6294
5083 2489
9107 3261
4376 3361
1106 409
232 139
9171 1845
3747 372
2897 2412
8091 5062
4783 1514
9872 4550
1005 774
1615 220
6147 2407
5764 1630
7122 4009
4578 162
8752 7009
1509 6
3046 1016
9802 4258
5713 3115
4355 2134
169 59
6956 1319
4721 1530
4676 4141
2600 1800
8960 1954
5232 5074
5230 1502
2203 814
7669 3704
6967 6407
6167 4479
8288 5347
500 239
347 106
5712 3336
3635 868
9626 7382
1932 865
4311 1231
9999 7091
8915 6173
971 22
2006 1272
2955 800
2222 717
1057 654
5550 2401
5873 3230
8550 7905
6730 3582
382 149
3695 1535
1206 585
1298 882
1940 331
1106 310
3267 2000
7086 4438
1747 438
9279 8583
7697 6095
7468 4819
8458 1458
9808 7317
9309 2935
175 9
3395 3366
3511 1685
3185 1882
2102 484
3828 1121
1521 1057
4861 1979
5168 5123
6545 4889
3321 125
4952 1430
2321 215
7856 7225
658 342
6842 3512
7157 4663
7986 611
2080 926
7604 4141
2947 2782
2498 840
8363 6771
3908 1107
1403 814
509 360
7368 4783
3173 2297
1794 793
364 259
4816 3311
6914 6045
4057 435
5900 1469
9064 7660
5780 5157
3496 745
6185 412
2846 2304
6705 1410
5992 5114
1243 640
1021 960
7427 1956
4216 228
8290 5199
9872 5016
9630 508
2336 1220
132 99
1853 84
2112 844
6807 3792
7567 356
3433 3219
2243 1741
52 22
9224 4230
6333 442
5775 2205
1667 1604
8582 125
2914 1488
372 85
2004 1566
9547 5312
2935 627
147 20
668 253
1060 1038
98 41
136 116
2036 18
879 785
2245 749
7860 3493
1483 50
6265 2529
6363 798
7403 4059
7124 4060
5901 1476
3028 2332
2033 1561
3814 3473
1532 1267
2672 2445
1721 225
8957 513
709 529
3767 1533
4224 293
7053 4398
1077 859
9866 2368
2145 665
8815 7365
2628 1672
9857 7464
9149 8326
9714 8141
7272 1543
524 503
8141 2518
8817 233
9631 7454
1920 1135
5417 4152
1792 1096
4213 1994
2241 2016
6630 5676
9180 1096
5848 4810
6515 5550
2607 1009
8394 2499
8748 6535
6828 2076
2617 723
4132 3925
1669 1645
5665 669
1368 1143
5587 4722
5232 3751
1968 135
793 719
2503 769
8519 7188
1612 198
2091 1445
8849 8287
8499 8203
2245 1626
141 116
7030 4427
6415 5296
8525 1628
2374 582
7361 43
5094 4226
721 398
3608 1031
606 166
3307 423
2636 669
5227 800
8493 1376
6567 4250
3224 1437
1230 854
3038 399
4910 1165
1898 1301
8013 3901
3201 1686
3423 784
7710 5633
6665 6079
5329 1953
3104 2237
9921 7193
2983 2460
2581 601
1038 703
4708 1976
8417 4951
5520 2131
9063 1802
9355 8189
9327 230
7557 4574
3449 3192
5730 973
2843 1118
796 228
279 178
1861 80
4185 1901
957 813
9147 4374
5282 4239
7848 3771
8586 393
5526 3011
2321 1765
2286 692
2704 2584
462 84
2449 1041
5873 681
7591 5837
5844 3563
3373 2852
1089 422
9963 7114
8 1
8895 4013
5339 1010
3068 166
